#pragma once

#include <boost/align/aligned_allocator.hpp>
#include <vector>

using namespace std;

const vector<
        vector<vector<float>>,
        boost::alignment::aligned_allocator<vector<vector<float>>>
      > blur_kernels({
    {},
    {},
    {},
    // k = 3
    {
        {0.1019, 0.1154, 0.1019},
        {0.1154, 0.1308, 0.1154},
        {0.1019, 0.1154, 0.1019},
    },
    {},
    // k = 5

    {
        // extra 3 values are because loading vectors will load 8 things at a 
        // time. This is garbage data that won't be used.
        {0.0232, 0.0338, 0.0383, 0.0338, 0.0232, 0, 0, 0},
        {0.0338, 0.0492, 0.0558, 0.0492, 0.0338, 0, 0, 0},
        {0.0383, 0.0558, 0.0632, 0.0558, 0.0383, 0, 0, 0},
        {0.0338, 0.0492, 0.0558, 0.0492, 0.0338, 0, 0, 0},
        {0.0232, 0.0338, 0.0383, 0.0338, 0.0232, 0, 0, 0},
    },
    {},
    // k = 7
    {

        {0.0049, 0.0092, 0.0134, 0.0152, 0.0134, 0.0092, 0.0049},
        {0.0092, 0.0172, 0.0250, 0.0283, 0.0250, 0.0172, 0.0092},
        {0.0134, 0.0250, 0.0364, 0.0412, 0.0364, 0.0250, 0.0134},
        {0.0152, 0.0283, 0.0412, 0.0467, 0.0412, 0.0283, 0.0152},
        {0.0134, 0.0250, 0.0364, 0.0412, 0.0364, 0.0250, 0.0134},
        {0.0092, 0.0172, 0.0250, 0.0283, 0.0250, 0.0172, 0.0092},
        {0.0049, 0.0092, 0.0134, 0.0152, 0.0134, 0.0092, 0.0049},
    },
    {},
    // k = 9
    {
        {0.0008, 0.0018, 0.0034, 0.0050, 0.0056, 0.0050, 0.0034, 0.0018, 0.0008},
        {0.0018, 0.0044, 0.0082, 0.0119, 0.0135, 0.0119, 0.0082, 0.0044, 0.0018},
        {0.0034, 0.0082, 0.0153, 0.0223, 0.0253, 0.0223, 0.0153, 0.0082, 0.0034},
        {0.0050, 0.0119, 0.0223, 0.0325, 0.0368, 0.0325, 0.0223, 0.0119, 0.0050},
        {0.0056, 0.0135, 0.0253, 0.0368, 0.0417, 0.0368, 0.0253, 0.0135, 0.0056},
        {0.0050, 0.0119, 0.0223, 0.0325, 0.0368, 0.0325, 0.0223, 0.0119, 0.0050},
        {0.0034, 0.0082, 0.0153, 0.0223, 0.0253, 0.0223, 0.0153, 0.0082, 0.0034},
        {0.0018, 0.0044, 0.0082, 0.0119, 0.0135, 0.0119, 0.0082, 0.0044, 0.0018},
        {0.0008, 0.0018, 0.0034, 0.0050, 0.0056, 0.0050, 0.0034, 0.0018, 0.0008},

    },
    {},

    // k = 11
    {

        {0.0001, 0.0002, 0.0006, 0.0011, 0.0016, 0.0018, 0.0016, 0.0011, 0.0006, 0.0002, 0.0001},
        {0.0002, 0.0007, 0.0018, 0.0033, 0.0048, 0.0054, 0.0048, 0.0033, 0.0018, 0.0007, 0.0002},
        {0.0006, 0.0018, 0.0042, 0.0079, 0.0115, 0.0131, 0.0115, 0.0079, 0.0042, 0.0018, 0.0006},
        {0.0011, 0.0033, 0.0079, 0.0148, 0.0215, 0.0244, 0.0215, 0.0148, 0.0079, 0.0033, 0.0011},
        {0.0016, 0.0048, 0.0115, 0.0215, 0.0313, 0.0355, 0.0313, 0.0215, 0.0115, 0.0048, 0.0016},
        {0.0018, 0.0054, 0.0131, 0.0244, 0.0355, 0.0402, 0.0355, 0.0244, 0.0131, 0.0054, 0.0018},
        {0.0016, 0.0048, 0.0115, 0.0215, 0.0313, 0.0355, 0.0313, 0.0215, 0.0115, 0.0048, 0.0016},
        {0.0011, 0.0033, 0.0079, 0.0148, 0.0215, 0.0244, 0.0215, 0.0148, 0.0079, 0.0033, 0.0011},
        {0.0006, 0.0018, 0.0042, 0.0079, 0.0115, 0.0131, 0.0115, 0.0079, 0.0042, 0.0018, 0.0006},
        {0.0002, 0.0007, 0.0018, 0.0033, 0.0048, 0.0054, 0.0048, 0.0033, 0.0018, 0.0007, 0.0002},
        {0.0001, 0.0002, 0.0006, 0.0011, 0.0016, 0.0018, 0.0016, 0.0011, 0.0006, 0.0002, 0.0001},

    },
    {},
    // k = 13
    {

        {0.0000, 0.0000, 0.0001, 0.0001, 0.0003, 0.0004, 0.0004, 0.0004, 0.0003, 0.0001, 0.0001, 0.0000, 0.0000},
        {0.0000, 0.0001, 0.0002, 0.0006, 0.0011, 0.0015, 0.0018, 0.0015, 0.0011, 0.0006, 0.0002, 0.0001, 0.0000},
        {0.0001, 0.0002, 0.0007, 0.0018, 0.0033, 0.0048, 0.0054, 0.0048, 0.0033, 0.0018, 0.0007, 0.0002, 0.0001},
        {0.0001, 0.0006, 0.0018, 0.0042, 0.0079, 0.0114, 0.0129, 0.0114, 0.0079, 0.0042, 0.0018, 0.0006, 0.0001},
        {0.0003, 0.0011, 0.0033, 0.0079, 0.0147, 0.0213, 0.0242, 0.0213, 0.0147, 0.0079, 0.0033, 0.0011, 0.0003},
        {0.0004, 0.0015, 0.0048, 0.0114, 0.0213, 0.0311, 0.0352, 0.0311, 0.0213, 0.0114, 0.0048, 0.0015, 0.0004},
        {0.0004, 0.0018, 0.0054, 0.0129, 0.0242, 0.0352, 0.0399, 0.0352, 0.0242, 0.0129, 0.0054, 0.0018, 0.0004},
        {0.0004, 0.0015, 0.0048, 0.0114, 0.0213, 0.0311, 0.0352, 0.0311, 0.0213, 0.0114, 0.0048, 0.0015, 0.0004},
        {0.0003, 0.0011, 0.0033, 0.0079, 0.0147, 0.0213, 0.0242, 0.0213, 0.0147, 0.0079, 0.0033, 0.0011, 0.0003},
        {0.0001, 0.0006, 0.0018, 0.0042, 0.0079, 0.0114, 0.0129, 0.0114, 0.0079, 0.0042, 0.0018, 0.0006, 0.0001},
        {0.0001, 0.0002, 0.0007, 0.0018, 0.0033, 0.0048, 0.0054, 0.0048, 0.0033, 0.0018, 0.0007, 0.0002, 0.0001},
        {0.0000, 0.0001, 0.0002, 0.0006, 0.0011, 0.0015, 0.0018, 0.0015, 0.0011, 0.0006, 0.0002, 0.0001, 0.0000},
        {0.0000, 0.0000, 0.0001, 0.0001, 0.0003, 0.0004, 0.0004, 0.0004, 0.0003, 0.0001, 0.0001, 0.0000, 0.0000},

    },
    {},
    // k = 15
    {

        {0.0000, 0.0000, 0.0000, 0.0000, 0.0000, 0.0001, 0.0001, 0.0001, 0.0001, 0.0001, 0.0000, 0.0000, 0.0000, 0.0000, 0.0000},
        {0.0000, 0.0000, 0.0000, 0.0001, 0.0001, 0.0003, 0.0004, 0.0004, 0.0004, 0.0003, 0.0001, 0.0001, 0.0000, 0.0000, 0.0000},
        {0.0000, 0.0000, 0.0001, 0.0002, 0.0006, 0.0011, 0.0015, 0.0017, 0.0015, 0.0011, 0.0006, 0.0002, 0.0001, 0.0000, 0.0000},
        {0.0000, 0.0001, 0.0002, 0.0007, 0.0017, 0.0033, 0.0048, 0.0054, 0.0048, 0.0033, 0.0017, 0.0007, 0.0002, 0.0001, 0.0000},
        {0.0000, 0.0001, 0.0006, 0.0017, 0.0042, 0.0078, 0.0114, 0.0129, 0.0114, 0.0078, 0.0042, 0.0017, 0.0006, 0.0001, 0.0000},
        {0.0001, 0.0003, 0.0011, 0.0033, 0.0078, 0.0146, 0.0213, 0.0241, 0.0213, 0.0146, 0.0078, 0.0033, 0.0011, 0.0003, 0.0001},
        {0.0001, 0.0004, 0.0015, 0.0048, 0.0114, 0.0213, 0.0310, 0.0351, 0.0310, 0.0213, 0.0114, 0.0048, 0.0015, 0.0004, 0.0001},
        {0.0001, 0.0004, 0.0017, 0.0054, 0.0129, 0.0241, 0.0351, 0.0398, 0.0351, 0.0241, 0.0129, 0.0054, 0.0017, 0.0004, 0.0001},
        {0.0001, 0.0004, 0.0015, 0.0048, 0.0114, 0.0213, 0.0310, 0.0351, 0.0310, 0.0213, 0.0114, 0.0048, 0.0015, 0.0004, 0.0001},
        {0.0001, 0.0003, 0.0011, 0.0033, 0.0078, 0.0146, 0.0213, 0.0241, 0.0213, 0.0146, 0.0078, 0.0033, 0.0011, 0.0003, 0.0001},
        {0.0000, 0.0001, 0.0006, 0.0017, 0.0042, 0.0078, 0.0114, 0.0129, 0.0114, 0.0078, 0.0042, 0.0017, 0.0006, 0.0001, 0.0000},
        {0.0000, 0.0001, 0.0002, 0.0007, 0.0017, 0.0033, 0.0048, 0.0054, 0.0048, 0.0033, 0.0017, 0.0007, 0.0002, 0.0001, 0.0000},
        {0.0000, 0.0000, 0.0001, 0.0002, 0.0006, 0.0011, 0.0015, 0.0017, 0.0015, 0.0011, 0.0006, 0.0002, 0.0001, 0.0000, 0.0000},
        {0.0000, 0.0000, 0.0000, 0.0001, 0.0001, 0.0003, 0.0004, 0.0004, 0.0004, 0.0003, 0.0001, 0.0001, 0.0000, 0.0000, 0.0000},
        {0.0000, 0.0000, 0.0000, 0.0000, 0.0000, 0.0001, 0.0001, 0.0001, 0.0001, 0.0001, 0.0000, 0.0000, 0.0000, 0.0000, 0.0000},

    },
});
